Image:test1.jpg
Circle Detection Statistics

Total Circles Detected: 10
Minimum Radius: 25
Maximum Radius: 32
Average Radius: 29.30

Detected Circles (x, y, radius):
1) (191, 110, 32)
2) (32, 110, 31)
3) (111, 110, 31)
4) (194, 193, 30)
5) (196, 31, 27)
6) (31, 194, 29)
7) (139, 31, 30)
8) (81, 31, 27)
9) (27, 31, 25)
10) (110, 191, 31)


Image:test2.jpg
Circle Detection Statistics

Total Circles Detected: 10
Minimum Radius: 41
Maximum Radius: 45
Average Radius: 42.80

Detected Circles (x, y, radius):
1) (98, 153, 45)
2) (139, 107, 44)
3) (281, 151, 41)
4) (93, 67, 45)
5) (280, 65, 41)
6) (52, 112, 45)
7) (244, 87, 41)
8) (244, 130, 44)
9) (317, 86, 41)
10) (317, 129, 41)

Image:test3.jpg
Circle Detection Statistics

Total Circles Detected: 51
Minimum Radius: 29
Maximum Radius: 118
Average Radius: 77.02

Detected Circles (x, y, radius):
1) (1045, 621, 115)
2) (526, 577, 109)
3) (850, 368, 94)
4) (847, 631, 103)
5) (1264, 632, 111)
6) (1255, 532, 76)
7) (661, 519, 115)
8) (712, 463, 110)
9) (446, 631, 107)
10) (274, 611, 111)
11) (629, 398, 118)
12) (1337, 650, 90)
13) (1191, 529, 105)
14) (513, 635, 74)
15) (421, 561, 110)
16) (1413, 653, 95)
17) (1191, 643, 102)
18) (718, 563, 97)
19) (592, 517, 86)
20) (1103, 578, 101)
21) (916, 592, 105)
22) (1353, 722, 98)
23) (499, 521, 93)
24) (697, 367, 118)
25) (988, 572, 88)
26) (718, 668, 110)
27) (1376, 549, 95)
28) (785, 435, 64)
29) (1328, 586, 64)
30) (880, 539, 74)
31) (579, 605, 48)
32) (622, 463, 52)
33) (1456, 604, 65)
34) (1048, 553, 61)
35) (685, 617, 60)
36) (1213, 585, 49)
37) (854, 434, 51)
38) (1292, 749, 44)
39) (620, 703, 85)
40) (1017, 481, 30)
41) (1205, 745, 50)
42) (902, 481, 40)
43) (1492, 677, 32)
44) (769, 494, 51)
45) (943, 527, 48)
46) (1097, 487, 36)
47) (568, 398, 54)
48) (1423, 731, 42)
49) (986, 661, 29)
50) (781, 610, 34)
51) (1523, 596, 29)
